0
3.15576e+09
3.278e+09
3.40498e+09
3.53687e+09
3.67388e+09
3.81619e+09
3.96401e+09
4.11756e+09
4.27706e+09
4.44273e+09
4.61483e+09
4.79359e+09
4.97927e+09
5.17215e+09
5.3725e+09
5.5806e+09
5.79677e+09
6.02132e+09
6.25456e+09
6.49683e+09
6.7485e+09
7.0099e+09
7.28144e+09
7.56349e+09
7.85647e+09
8.1608e+09
8.47692e+09
8.80528e+09
9.14636e+09
9.50065e+09
9.86867e+09
1.02509e+10
1.0648e+10
1.10605e+10
1.14889e+10
1.1934e+10
1.23962e+10
1.28764e+10
1.33752e+10
1.38933e+10
1.44314e+10
1.49905e+10
1.55711e+10
1.61743e+10
1.68008e+10
1.74516e+10
1.81276e+10
1.88298e+10
1.95592e+10
2.03168e+10
2.11038e+10
2.19213e+10
2.27705e+10
2.36525e+10
2.45687e+10
2.55204e+10
2.65089e+10
2.75358e+10
2.86024e+10
2.97104e+10
3.08612e+10
3.20566e+10
3.32984e+10
3.45882e+10
3.5928e+10
3.73197e+10
3.87654e+10
4.0267e+10
4.18268e+10
4.3447e+10
4.51299e+10
4.68781e+10
4.86939e+10
5.05801e+10
5.25394e+10
5.45746e+10
5.66886e+10
5.88844e+10
6.11654e+10
6.35347e+10
6.59957e+10
6.85522e+10
7.12076e+10
7.39659e+10
7.6831e+10
7.98071e+10
8.28985e+10
8.61097e+10
8.94452e+10
9.291e+10
9.65089e+10
1.00247e+11
1.0413e+11
1.08164e+11
1.12354e+11
1.16706e+11
1.21227e+11
1.25923e+11
1.308e+11
1.35867e+11
1.4113e+11
1.46597e+11
1.52275e+11
1.58174e+11
1.64301e+11
1.70665e+11
1.77276e+11
1.84143e+11
1.91276e+11
1.98685e+11
2.06381e+11
2.14376e+11
2.2268e+11
2.31305e+11
2.40265e+11
2.49572e+11
2.5924e+11
2.69281e+11
2.79712e+11
2.90547e+11
3.01802e+11
3.13492e+11
3.25636e+11
3.3825e+11
3.51352e+11
3.64962e+11
3.79099e+11
3.93784e+11
4.09038e+11
4.24882e+11
4.4134e+11
4.58436e+11
4.76194e+11
4.9464e+11
5.138e+11
5.33702e+11
5.54376e+11
5.7585e+11
5.98156e+11
6.21326e+11
6.45394e+11
6.70394e+11
6.96362e+11
7.23337e+11
7.51356e+11
7.8046e+11
8.10692e+11
8.42095e+11
8.74714e+11
9.08597e+11
9.43792e+11
9.80351e+11
1.01833e+12
1.05777e+12
1.09875e+12
1.14131e+12
1.18552e+12
1.23144e+12
1.27914e+12
1.32869e+12
1.38016e+12
1.43362e+12
1.48915e+12
1.54683e+12
1.60675e+12
1.66899e+12
1.73364e+12
1.80079e+12
1.87055e+12
1.94301e+12
2.01827e+12
2.09645e+12
2.17766e+12
2.26201e+12
2.34963e+12
2.44065e+12
2.53519e+12
2.63339e+12
2.7354e+12
2.84136e+12
2.95142e+12
3.06575e+12
3.1845e+12
3.30785e+12
3.43599e+12
3.56908e+12
3.70734e+12
3.85094e+12
4.00011e+12
4.15506e+12
4.31601e+12
4.48319e+12
4.65686e+12
4.83724e+12
5.02462e+12
5.21925e+12
5.42142e+12
5.63143e+12
5.84957e+12
6.07615e+12
6.31152e+12
